-936 -896 -856 -846 -836 -825 -811 -800 -785 -768 -755 -738 -737 -661 -656 -644 -638 -611 -599 -584 -562 -550 -542 -505 -489 -484 -478 -474 -421 -418 -396 -387 -384 -362 -347 -319 -280 -263 -257 -256 -233 -219 -205 -196 -187 -147 -103 -77 -48 -34 21 25 49 51 53 57 70 99 114 212 213 214 221 256 315 321 334 386 425 464 483 499 524 564 568 570 571 586 592 606 649 655 671 674 678 736 784 814 819 824 860 865 934 939 946
1 -418 321 -120
2 -800 483
1 -550 736 109
2 -48 114
2 -737 51
2 212 674
1 568 655 -315
1 -562 939 709
1 -896 -638 -96
2 49 592
1 819 860 124
1 -384 736 530
2 -384 315
1 -936 -896 -609
2 -755 -347
2 649 674
1 -489 -478 514
1 -562 483 724
1 -421 -147 999
2 -256 99
2 -846 -421
2 -384 939
1 -484 -205 -824
2 -661 53
1 -103 571 223
2 -737 -196
1 70 221 689
1 -489 -196 -825
1 -147 824 -239
2 571 674
1 -256 824 650
2 -396 -187
1 606 655 -364
1 -737 25 631
2 -478 -319
1 -384 -347 934
2 -505 939
1 -421 -384 904
2 -656 865
1 -825 53 -542
2 -661 499
2 -478 -362
2 -421 51
1 221 946 625
2 -484 592
2 -77 592
2 -505 -418
2 -196 -34
2 -347 25
2 -550 425
2 213 571
1 -738 -263 898
1 -256 334 776
1 -77 221 644
1 -219 564 807
1 -505 21 -712
1 214 934 412
1 499 592 747
2 -599 606
1 -856 -800 236
2 -611 678
1 53 464 77
2 -396 221
1 256 934 854
2 -584 49
2 -856 -768
1 -856 -387 -376
1 -800 114 -190
1 212 321 145
1 321 564 -63
2 -489 -77
2 214 860
2 -562 214
2 -656 819
2 592 824
1 -856 -661 722
2 -638 256
2 -550 -418
1 -800 -550 -493
2 -77 256
2 586 946
1 -562 -418 -92
1 -737 824 267
1 -319 784 381
1 -484 -421 733
2 483 570
2 -550 524
2 -936 819
2 -936 221
2 -280 865
1 570 939 -490
1 -856 -656 272
1 315 464 -684
2 655 946
1 -489 524 448
1 221 655 -894
1 -562 51 255
2 -825 -205
1 -811 -256 952
2 -489 736
2 -384 386
1 -738 -484 -57
1 -856 824 800
2 -418 -219
1 -205 586 508
1 606 671 -72
2 -584 464
2 70 221
1 -656 -638 -978
1 334 606 485
2 -896 -387
1 -418 819 -896
2 212 819
1 -187 934 -734
1 -103 814 -800
2 -77 425
2 -77 49
2 -896 386
1 -48 -34 59
1 -856 -418 883
2 -755 -421
1 649 946 -61
1 -562 -196 -899
1 570 939 832
1 334 784 605
2 21 315
2 -103 57
1 -836 674 952
2 -896 -34
2 57 212
1 -478 571 -715
1 -421 674 -748
1 -936 -362 -692
1 -196 814 -955
2 -478 -280
2 -562 334
2 -738 -319
2 21 592
2 -396 824
2 -505 -387
2 -233 568
1 -738 -147 -808
1 99 586 -952
2 592 678
2 -205 674
1 -936 -825 -365
2 -638 -205
1 53 674 -993
1 -811 334 -753
2 -256 49
2 939 946
1 -550 570 -760
2 -147 -48
2 321 939
1 99 256 91
1 -542 49 -698
1 -896 865 546
2 -638 570
2 -562 214
2 -418 570
2 -478 934
2 -505 736
1 51 649 -533
2 -755 -478
1 -936 -661 -709
1 -484 564 -310
2 -196 -147
1 -738 -77 143
2 114 213
1 -256 70 -94
2 819 946
2 -474 499
2 -103 860
2 -362 564
1 -800 -280 -767
1 70 464 -279
2 -418 -362
1 -219 736 -229
2 -562 939
1 -196 499 -621
2 -846 -280
1 -147 586 641
2 51 824
1 -768 -421 -590
2 386 655
2 -599 649
2 213 386
2 315 464
2 -384 -219
1 -836 -263 39
1 -257 824 -485
1 -196 25 -66
2 671 678
1 315 814 151
2 -542 -257
2 25 736
2 -421 -347
2 -478 315
2 -77 214
2 -187 53

